
A=[ 0.8540    0.4565    0.6875    0.4450
    0.2160    0.5660    0.3446    0.8660
    0.9517    0.4330    0.4330    0.2780
    0.7012    0.7760    0.9430    0.3450];

B=[ 0.8540
    0.4565
    0.6875
    0.4450];


A1 = timeseries([A(4,1) zeros(1,47) A(3,1) zeros(1,47) A(2,1)  zeros(1,47) A(1,1)]');
A2 = timeseries([A(4,2) zeros(1,47) A(3,2) zeros(1,47) A(2,2)  zeros(1,47) A(1,2)]');
A3 = timeseries([A(4,3) zeros(1,47) A(3,3) zeros(1,47) A(2,3)  zeros(1,47) A(1,3)]');
A4 = timeseries([A(4,4) zeros(1,47) A(3,4) zeros(1,47) A(2,4)  zeros(1,47) A(1,4)]');

